,City,Latitude,Temp,Max Temp,Cloudiness,Humidity,Wind
0,upernavik,72.79,0.57,0.57,100.0,94.0,7.96
1,carnarvon,-24.87,73.4,73.4,0.0,78.0,21.92
2,bethel,41.37,31.62,35.01,1.0,39.0,5.82
3,aripuana,-9.17,86.22,86.22,99.0,78.0,4.81
4,hobyo,5.35,78.73,78.73,16.0,74.0,19.3
5,mataura,-46.19,57.99,57.99,57.0,90.0,11.99
6,hobart,-42.88,57.24,59.0,90.0,87.0,8.05
7,belushya guba,77.48,-11.87,-11.87,1.0,51.0,7.61
8,qaanaaq,-3.8,73.76,73.76,100.0,99.0,4.14
9,bengkulu,-34.58,68.16,73.0,0.0,82.0,9.06
10,flinders,50.46,31.89,31.89,100.0,92.0,11.21
11,novouzensk,26.18,63.84,66.2,75.0,82.0,4.7
12,nishihara,-54.8,53.6,53.6,90.0,50.0,2.15
13,bolungarvik,-23.12,78.06,78.06,0.0,80.0,12.53
14,ushuaia,34.17,-9.94,-9.94,93.0,86.0,4.32
15,rikitea,10.28,69.21,69.21,54.0,98.0,4.07
16,leh,45.17,42.51,46.4,12.0,70.0,3.36
17,matalom,-2.92,88.02,88.02,93.0,59.0,10.6
18,mantua,42.6,27.54,32.0,90.0,68.0,9.17
19,itarema,40.2,46.15,46.15,93.0,79.0,14.56
20,albany,-33.65,62.17,64.0,59.0,56.0,10.29
21,noshiro,-0.93,70.2,70.2,99.0,74.0,4.0
22,busselton,-13.54,72.14,72.14,98.0,87.0,0.16
23,mwingi,9.49,77.67,77.67,90.0,82.0,20.56
24,zambezi,70.63,-32.67,-32.67,98.0,99.0,8.32
25,bandarbeyla,11.67,80.96,80.96,87.0,78.0,14.32
26,barentsburg,42.06,49.48,50.0,75.0,71.0,5.82
27,chokurdakh,3.07,84.42,84.42,100.0,63.0,1.21
28,port blair,-21.2,73.4,73.4,20.0,100.0,2.24
29,tudela,-27.8,67.46,67.46,0.0,24.0,6.55
30,butaritari,-29.68,69.8,69.8,90.0,94.0,12.75
31,vaini,-33.7,80.26,80.26,18.0,53.0,14.79
32,reitz,65.61,23.0,23.0,90.0,92.0,10.29
33,haibowan,50.7,42.8,42.8,90.0,87.0,21.92
34,santa maria,28.71,49.39,52.0,90.0,66.0,18.34
35,chuy,22.08,64.2,64.4,1.0,93.0,8.05
36,tasiilaq,58.59,49.17,50.0,75.0,93.0,12.75
37,port hardy,39.23,21.51,21.51,0.0,50.0,0.6
38,seminole,-13.7,72.66,73.99,90.0,30.0,8.05
39,dzhusaly,-5.2,87.8,87.8,40.0,58.0,11.41
40,kapaa,56.62,33.08,33.08,77.0,80.0,10.2
41,thurso,66.56,9.46,9.46,100.0,93.0,12.95
42,shitanjing,-33.59,63.0,63.0,100.0,98.0,5.01
43,pisco,-41.87,69.8,69.8,77.0,64.0,12.75
44,touros,62.46,-5.42,-5.01,75.0,83.0,13.87
45,plavinas,-34.42,70.36,72.0,49.0,71.0,11.99
46,aksarka,56.49,38.75,41.0,43.0,93.0,6.93
47,port alfred,-37.62,80.02,80.02,0.0,35.0,6.62
48,ancud,51.32,34.0,34.0,100.0,94.0,3.0
49,yellowknife,-22.28,74.05,78.01,9.0,83.0,2.24
50,hermanus,40.8,49.55,52.0,90.0,66.0,6.93
51,struer,12.16,77.52,77.52,13.0,12.0,10.49
52,lebu,35.13,43.02,45.0,75.0,65.0,3.36
53,kamenka,51.53,35.26,36.0,75.0,93.0,17.22
54,noumea,-45.87,80.6,80.6,20.0,39.0,9.17
55,eureka,66.04,44.6,44.6,75.0,48.0,51.67
56,gusau,8.25,86.68,86.68,66.0,15.0,8.88
57,katsuura,8.27,78.76,78.76,66.0,11.0,4.14
58,milicz,-10.98,82.4,82.4,75.0,83.0,2.73
59,comodoro rivadavia,25.52,63.63,63.63,0.0,32.0,12.1
60,husavik,-53.15,55.27,55.4,40.0,47.0,12.75
61,gambela,69.45,-13.0,-13.0,90.0,69.0,4.7
62,beboto,-25.24,87.8,87.8,0.0,27.0,6.93
63,riberalta,53.57,-6.52,-6.52,96.0,94.0,11.01
64,chor,27.98,63.34,63.34,10.0,71.0,9.01
65,punta arenas,-10.98,76.59,76.59,100.0,80.0,4.56
66,tuktoyaktuk,-19.06,68.0,68.0,46.0,94.0,8.72
67,yulara,-46.6,57.99,57.99,83.0,90.0,11.99
68,okha,45.75,26.15,28.4,90.0,85.0,8.05
69,guerrero negro,-21.36,76.32,78.8,90.0,94.0,14.99
70,queimadas,20.52,84.2,84.2,100.0,18.0,7.23
71,alofi,-42.78,57.18,59.0,90.0,87.0,8.05
72,bluff,-0.6,84.45,84.45,51.0,79.0,19.37
73,escanaba,-0.74,80.22,82.4,20.0,69.0,6.93
74,saint-philippe,67.45,-32.58,-32.58,63.0,98.0,7.7
75,atar,64.5,6.42,6.8,90.0,77.0,4.47
76,new norfolk,-7.84,77.0,77.0,90.0,69.0,8.05
77,hithadhoo,4.14,82.08,82.08,0.0,76.0,4.97
78,puerto ayora,16.58,62.08,62.08,18.0,93.0,2.46
79,srednekolymsk,69.3,-23.6,-23.6,93.0,92.0,4.18
80,nome,32.35,40.01,42.01,1.0,30.0,6.93
81,chicama,-34.53,69.48,69.8,85.0,60.0,12.75
82,illoqqortoormiut,32.3,53.8,53.8,12.0,81.0,9.69
83,meulaboh,68.05,-38.52,-38.52,100.0,100.0,0.25
84,cabarroguis,-21.37,76.35,78.8,90.0,94.0,14.99
85,deputatskiy,61.67,27.36,28.4,20.0,68.0,8.05
86,russell,-21.21,78.8,78.8,100.0,94.0,9.17
87,bredasdorp,23.04,66.2,66.2,75.0,88.0,2.24
88,asfi,-46.28,57.9,57.9,6.0,90.0,14.63
89,bilibino,55.64,-5.85,-5.85,0.0,88.0,3.44
90,saint-joseph,42.1,24.49,28.0,1.0,67.0,13.87
91,mikkeli,63.44,42.8,42.8,75.0,75.0,27.51
92,avarua,5.41,81.28,82.4,20.0,83.0,3.58
93,sentyabrskiy,59.38,-22.68,-22.68,0.0,69.0,7.02
94,huicheng,-9.8,80.82,80.82,33.0,75.0,13.38
95,kaitangata,-22.97,84.15,86.0,20.0,65.0,12.75
96,irbeyskoye,43.96,8.67,8.67,0.0,94.0,1.92
97,rungata,12.48,88.66,89.6,100.0,45.0,4.7
98,jamestown,19.73,64.6,69.8,90.0,60.0,5.82
99,vestmannaeyjar,25.02,55.49,55.49,0.0,37.0,9.95
100,georgetown,-34.73,61.68,61.68,100.0,69.0,24.14
101,okhotsk,1.15,91.09,91.09,51.0,45.0,4.03
102,atuona,-19.55,73.4,73.4,20.0,94.0,15.21
103,arraial do cabo,62.16,46.4,46.4,100.0,93.0,14.99
104,mys shmidta,39.18,30.88,33.01,1.0,68.0,3.36
105,anuchino,37.46,51.67,55.0,90.0,100.0,2.86
106,oussouye,-33.93,72.75,75.99,20.0,56.0,23.04
107,hilo,13.09,87.3,87.3,47.0,17.0,8.72
108,umm lajj,-28.77,68.0,68.0,90.0,68.0,17.22
109,port lincoln,64.89,34.25,34.25,71.0,89.0,39.44
110,mocoa,-24.79,59.77,59.77,100.0,97.0,7.09
111,isangel,69.8,28.4,28.4,75.0,79.0,20.8
112,vestmanna,-7.47,86.0,86.0,75.0,66.0,11.41
113,hamilton,43.37,45.82,46.99,90.0,100.0,11.41
114,half moon bay,-33.01,77.0,77.0,50.0,53.0,10.29
115,cape town,-18.06,81.66,81.66,27.0,33.0,15.43
116,kaya,-33.87,68.95,75.99,0.0,69.0,4.23
117,geraldton,64.38,-12.89,-12.89,0.0,88.0,2.51
118,olafsvik,20.18,62.6,62.6,90.0,100.0,4.7
119,castro,-15.68,77.0,77.0,90.0,88.0,9.17
120,sorkjosen,53.93,29.23,29.23,82.0,81.0,11.21
121,pitimbu,-33.02,68.0,68.0,75.0,100.0,13.87
122,coos bay,-7.94,76.91,76.91,100.0,89.0,5.41
123,saldanha,-33.04,64.18,66.2,90.0,93.0,8.05
124,opuwo,-33.87,60.8,60.8,75.0,87.0,16.11
125,solovetskiy,65.28,-9.4,-9.4,75.0,69.0,3.36
126,vaitupu,66.15,-25.6,-25.6,75.0,67.0,0.98
127,sidney,42.25,25.56,30.0,1.0,67.0,5.82
128,provideniya,29.33,43.52,43.52,100.0,91.0,7.94
129,coxquihui,36.35,37.54,42.01,1.0,55.0,1.95
130,canavieiras,35.15,47.95,54.0,20.0,76.0,0.89
131,duminichi,-2.02,83.05,83.05,39.0,76.0,13.15
132,east london,-6.88,76.69,76.69,22.0,86.0,2.77
133,srandakan,73.51,-14.22,-14.22,100.0,90.0,15.57
134,valparaiso,-35.1,58.89,61.0,3.0,100.0,4.52
135,esperance,26.77,49.03,49.03,0.0,45.0,8.84
136,norman wells,3.78,83.17,83.17,34.0,83.0,20.85
137,pangnirtung,-22.96,74.39,77.0,0.0,57.0,20.8
138,broome,68.22,-29.04,-23.8,20.0,66.0,4.7
139,taolanaro,69.22,14.0,14.0,75.0,78.0,9.17
140,yueyang,46.49,38.3,41.0,0.0,41.0,2.24
141,elizabethton,6.88,83.77,83.77,81.0,76.0,17.38
142,bullhead city,-34.45,69.93,78.01,0.0,82.0,5.86
143,lorengau,5.38,78.73,78.73,46.0,72.0,11.39
144,labuhan,55.2,13.86,13.86,98.0,93.0,12.95
145,dikson,-10.45,77.09,77.09,85.0,86.0,5.53
146,kaeo,43.36,24.8,24.8,90.0,92.0,4.47
147,tahta,59.7,31.66,32.0,75.0,61.0,15.66
148,mahibadhoo,-17.53,78.44,78.8,20.0,74.0,10.29
149,walvis bay,62.67,-31.22,-31.22,39.0,98.0,2.35
150,aklavik,70.03,28.4,28.4,75.0,63.0,18.34
151,ilulissat,-8.93,67.12,67.12,56.0,85.0,4.45
152,bolzano,37.7,51.62,55.0,90.0,100.0,2.75
153,dhidhdhoo,-40.81,99.1,99.1,0.0,14.0,11.43
154,mittagong,-26.63,77.74,82.4,13.0,61.0,9.17
155,sinnamary,-32.5,67.03,68.0,90.0,52.0,14.99
156,kargat,36.62,14.81,14.81,100.0,70.0,0.29
157,nizhneyansk,-20.34,79.45,80.6,75.0,88.0,16.15
158,kirakira,39.05,57.69,57.69,100.0,70.0,16.2
159,boralday,13.13,70.05,70.05,50.0,64.0,4.12
160,nikolskoye,22.6,68.23,68.23,7.0,40.0,6.22
161,attawapiskat,18.44,78.57,78.57,55.0,13.0,8.43
162,tiarei,66.32,-21.53,-21.53,85.0,97.0,3.38
163,khandyga,39.7,27.99,36.0,0.0,79.0,2.66
164,skjervoy,-20.41,79.52,80.6,75.0,88.0,3.53
165,airai,60.82,5.0,5.0,75.0,84.0,11.41
166,dublin,53.86,-15.36,-15.36,100.0,97.0,1.74
167,viedma,19.22,82.4,82.4,20.0,69.0,6.93
168,tarudant,35.22,43.61,43.61,71.0,47.0,10.51
169,sidvokodvo,-2.89,88.02,88.02,93.0,59.0,10.6
170,port augusta,70.47,-9.4,-9.4,75.0,76.0,19.46
171,xining,50.1,-8.14,-8.14,100.0,99.0,1.9
172,bambous virieux,71.92,-39.96,-39.96,0.0,93.0,7.96
173,lagoa,35.6,19.92,19.92,97.0,67.0,1.39
174,mudigere,-1.86,81.82,82.4,40.0,74.0,8.05
175,yanchukan,64.86,-9.71,-5.01,90.0,76.0,0.94
176,huejuquilla el alto,-20.23,78.44,78.44,17.0,74.0,9.8
177,kidal,55.74,3.2,3.2,40.0,77.0,6.93
178,toliary,-3.36,83.16,83.16,98.0,85.0,5.97
179,egvekinot,69.49,-9.4,-9.4,40.0,76.0,24.61
180,fangshan,70.66,26.31,28.4,75.0,62.0,43.62
181,mahebourg,-41.41,62.8,64.4,67.0,82.0,25.28
182,hay river,22.29,69.75,73.0,20.0,78.0,3.36
183,amazar,-38.27,56.26,56.26,100.0,87.0,26.15
184,san patricio,13.22,77.0,77.0,75.0,88.0,11.41
185,garmsar,40.6,49.55,52.0,90.0,66.0,6.93
186,acarau,41.36,31.41,33.01,90.0,86.0,12.75
187,clyde river,10.34,87.19,87.19,73.0,58.0,6.42
188,umzimvubu,-19.8,77.7,77.7,18.0,78.0,4.68
189,elban,54.52,29.44,30.99,90.0,100.0,3.36
190,saskylakh,6.54,77.14,77.14,51.0,25.0,4.27
191,linxia,45.52,44.2,46.99,90.0,87.0,9.17
192,daule,10.47,82.11,84.2,40.0,66.0,6.93
193,a,27.18,48.54,48.54,0.0,54.0,9.53
194,college,28.33,47.91,52.0,1.0,52.0,9.17
195,poum,66.83,4.12,4.12,100.0,92.0,19.33
196,thompson,33.59,60.33,62.6,40.0,59.0,14.99
197,sao bernardo,67.8,-21.05,-21.05,97.0,98.0,0.69
198,talnakh,38.52,60.8,60.8,75.0,63.0,19.46
199,hammerfest,-4.96,98.6,98.6,40.0,44.0,12.75
200,waipawa,71.97,-35.25,-35.25,49.0,86.0,6.46
201,victoria,-26.65,78.8,78.8,9.0,50.0,10.29
202,codrington,20.89,58.96,61.0,1.0,76.0,4.7
203,bathsheba,18.43,79.74,82.0,75.0,74.0,5.82
204,fortuna,33.99,58.14,59.0,75.0,67.0,14.99
205,tabiauea,65.37,10.76,10.76,100.0,92.0,11.43
206,indianola,69.7,-13.36,-13.36,100.0,97.0,2.51
207,san felipe,50.45,-10.37,-10.37,29.0,85.0,7.7
208,pangai,46.43,43.27,44.6,17.0,33.0,4.7
209,terrace,62.51,9.79,9.79,100.0,93.0,13.44
210,bria,-31.95,71.6,71.6,38.0,46.0,14.99
211,portland,4.93,86.0,86.0,40.0,58.0,11.41
212,guarenas,3.3,77.68,77.68,84.0,78.0,7.76
213,asyut,-45.87,62.01,62.01,28.0,89.0,11.23
214,bayonet point,14.47,71.4,71.4,3.0,57.0,10.07
215,yar-sale,-34.0,60.13,60.13,100.0,92.0,4.47
216,casablanca,51.38,43.92,46.4,75.0,100.0,2.24
217,batagay-alyta,4.71,95.0,95.0,68.0,36.0,3.36
218,ribeira grande,37.77,51.33,55.0,90.0,87.0,3.36
219,areia branca,71.29,-0.4,-0.4,90.0,77.0,6.93
220,khatanga,22.89,69.48,72.0,75.0,64.0,4.63
221,luderitz,47.87,7.47,7.47,100.0,94.0,3.2
222,kahului,44.65,22.41,25.0,75.0,62.0,3.36
223,loiza,-2.57,83.1,83.1,8.0,75.0,10.98
224,rabat,-37.88,64.22,66.0,100.0,85.0,1.99
225,muzhi,62.27,30.11,30.99,72.0,74.0,10.29
226,pevek,32.67,58.62,60.8,40.0,59.0,11.41
227,klichka,-16.54,74.84,74.84,41.0,80.0,10.76
228,asau,-43.3,70.68,70.68,17.0,56.0,10.4
229,andra,57.79,24.8,24.8,1.0,68.0,6.93
230,broken hill,5.29,87.8,87.8,20.0,74.0,9.17
231,cayenne,15.1,80.6,80.6,100.0,30.0,14.99
232,tarakan,12.52,82.4,82.4,40.0,69.0,13.87
233,dunedin,38.58,31.3,33.01,1.0,71.0,10.29
234,hirekerur,-30.18,73.27,73.27,100.0,75.0,18.54
235,kruisfontein,-19.98,79.21,80.6,75.0,88.0,11.39
236,chatham,-40.96,62.64,64.0,64.0,86.0,4.03
237,crab hill,28.66,61.48,66.2,75.0,48.0,3.36
238,abonnema,49.78,24.8,24.8,90.0,85.0,16.11
239,san francisco,0.09,76.62,76.62,78.0,68.0,6.82
240,barrow,14.9,72.54,72.54,100.0,74.0,8.37
241,cabo san lucas,-23.76,77.68,77.68,77.0,79.0,20.07
242,altay,-40.85,60.08,61.0,0.0,80.0,3.0
243,halifax,65.58,-7.46,-7.46,100.0,94.0,4.59
244,kavieng,53.98,17.73,17.73,100.0,96.0,2.98
245,lakes entrance,4.38,82.31,82.31,19.0,75.0,5.17
246,maloshuyka,54.37,13.86,13.86,100.0,92.0,14.43
247,keuruu,62.23,46.4,46.4,100.0,93.0,14.99
248,ponta do sol,28.48,59.83,68.0,75.0,66.0,11.41
249,siavonga,48.01,5.68,5.68,100.0,58.0,2.89
250,rawson,42.16,29.19,33.01,1.0,53.0,8.05
251,kodiak,30.48,60.3,60.3,8.0,73.0,5.95
252,adiake,-38.0,74.1,80.01,90.0,88.0,9.17
253,assomada,4.12,81.64,81.64,33.0,39.0,11.43
254,oranjestad,3.46,89.6,89.6,20.0,66.0,11.41
255,jefferson city,9.84,73.35,77.0,75.0,60.0,20.8
256,cidreira,20.03,72.72,72.72,0.0,71.0,23.49
257,cap malheureux,-20.21,79.36,80.6,75.0,88.0,18.95
258,masterton,22.68,72.0,72.0,82.0,18.0,5.26
259,los llanos de aridane,57.05,35.91,37.4,90.0,93.0,8.5
260,chapais,53.63,11.26,11.26,97.0,92.0,13.82
261,port victoria,-33.92,66.2,66.2,20.0,88.0,6.93
262,sao filipe,-29.95,68.0,68.0,90.0,72.0,9.17
263,halalo,33.19,41.99,44.6,1.0,26.0,11.41
264,sao sebastiao,50.2,14.47,15.01,75.0,61.0,2.24
265,angra,50.68,16.43,16.43,89.0,87.0,12.68
266,takaka,1.2,92.08,92.08,78.0,48.0,3.65
267,lavrentiya,-34.65,83.44,86.0,40.0,62.0,10.29
268,grand river south east,26.93,61.93,61.93,100.0,39.0,5.19
269,palabuhanratu,-35.33,67.87,67.87,25.0,66.0,10.16
270,chistogorskiy,-10.07,79.65,79.65,91.0,58.0,5.1
271,harper,-10.17,77.0,77.0,75.0,100.0,6.93
272,kupino,-33.93,72.73,75.99,20.0,56.0,23.04
273,amderma,-15.2,74.84,74.84,13.0,82.0,13.73
274,klaksvik,-15.53,78.8,78.8,20.0,69.0,4.7
275,tacoronte,20.5,73.51,73.51,97.0,19.0,6.29
276,hovd,-34.48,83.84,83.84,12.0,44.0,14.76
277,palmer,-5.81,87.8,87.8,75.0,70.0,3.36
278,san quintin,58.96,-13.29,-13.29,100.0,92.0,3.96
279,mar del plata,-20.02,79.41,82.0,40.0,88.0,2.24
280,xuddur,-8.47,75.67,75.67,96.0,96.0,4.88
281,falealupo,-20.74,84.87,84.87,0.0,70.0,18.1
282,luba,38.8,49.62,52.0,75.0,87.0,5.82
283,paraiso,-7.71,89.24,89.24,85.0,67.0,3.62
284,vega de alatorre,52.63,44.83,46.99,90.0,93.0,3.36
285,karauzyak,18.22,54.75,57.2,20.0,81.0,11.41
286,quatre cocos,44.66,36.63,36.63,71.0,66.0,7.47
287,taoudenni,14.35,82.36,82.36,80.0,11.0,8.48
288,sitka,-22.12,70.0,70.0,0.0,84.0,7.0
289,khabary,-6.98,86.0,86.0,75.0,66.0,11.41
290,port elizabeth,14.92,80.6,80.6,100.0,30.0,14.99
291,coquimbo,-8.9,81.54,81.54,100.0,82.0,16.44
292,avera,42.78,53.49,57.99,40.0,76.0,17.22
293,sept-iles,48.8,30.7,30.7,100.0,87.0,14.74
294,severo-kurilsk,12.58,78.8,78.8,90.0,83.0,16.11
295,mitu,31.46,53.01,53.01,99.0,93.0,3.0
296,moron,23.57,66.87,66.87,1.0,48.0,14.03
297,valle de allende,64.25,46.4,46.4,90.0,87.0,26.4
298,constitucion,25.1,56.7,56.7,4.0,49.0,7.56
299,huarmey,63.45,-15.56,-15.56,100.0,99.0,2.53
300,kupang,10.93,66.13,66.13,0.0,91.0,4.21
301,stellenbosch,25.28,59.0,59.0,90.0,100.0,6.64
302,namibe,40.16,52.84,57.99,40.0,71.0,9.17
303,luganville,28.28,52.21,52.21,0.0,60.0,7.16
304,adrar,-19.17,65.21,65.21,100.0,93.0,10.69
305,rocha,63.75,-26.28,-25.01,75.0,67.0,1.41
306,manicore,30.33,45.99,48.99,90.0,65.0,17.22
307,tommot,41.26,33.8,33.8,90.0,86.0,2.24
308,bowen,-14.27,75.36,75.36,100.0,98.0,1.68
309,merauke,11.14,78.58,78.58,10.0,72.0,14.45
310,karratha,-0.95,68.22,68.22,78.0,94.0,4.68
311,colares,-37.83,51.8,51.8,90.0,93.0,11.41
312,pauini,11.28,81.1,81.1,100.0,50.0,7.4
313,tumannyy,70.37,21.94,23.0,75.0,92.0,54.13
314,norwich,5.15,80.96,80.96,4.0,68.0,7.07
315,abha,-3.46,88.0,88.0,100.0,64.0,4.7
316,yuzhno-sukhokumsk,37.4,51.03,51.03,100.0,78.0,13.56
317,filingue,54.72,-7.67,-7.67,73.0,87.0,8.23
318,henties bay,43.41,45.93,46.99,90.0,100.0,11.41
319,mizpe ramon,1.65,79.0,79.0,93.0,23.0,0.69
320,cabedelo,23.45,68.85,72.0,75.0,64.0,5.26
321,praia,-23.86,78.8,78.8,75.0,69.0,6.93
322,sao jose da coroa grande,43.32,33.98,33.98,100.0,95.0,16.91
323,muros,50.1,36.19,41.0,90.0,93.0,9.17
324,la sarre,60.14,26.65,26.65,89.0,69.0,31.94
325,sogdiondon,13.43,91.4,91.4,91.0,31.0,6.93
326,san andres,-5.56,70.36,70.36,1.0,88.0,10.22
327,kushima,27.87,45.91,45.91,0.0,68.0,3.38
328,rapar,46.92,17.8,19.4,1.0,100.0,6.93
329,hofn,0.53,84.25,84.25,0.0,79.0,20.4
330,baran,-21.64,84.2,84.2,75.0,58.0,13.38
331,verkhnevilyuysk,57.79,-16.6,-16.6,100.0,90.0,9.84
332,phan thiet,5.88,75.2,75.2,75.0,94.0,10.29
333,guilin,-17.48,74.95,74.95,100.0,68.0,4.36
334,lata,34.27,38.3,41.0,1.0,44.0,16.11
335,mahendragarh,37.57,32.36,35.6,75.0,64.0,2.93
336,soavinandriana,46.49,-3.5,-3.5,96.0,97.0,4.41
337,iqaluit,40.29,27.19,27.19,77.0,94.0,2.95
338,lolua,48.45,39.2,39.2,75.0,55.0,17.9
339,atlantic beach,-20.73,77.0,77.0,100.0,100.0,6.93
340,kosonsoy,-16.7,82.47,82.47,100.0,76.0,13.29
341,ust-kamchatsk,54.78,21.2,21.2,90.0,92.0,2.75
342,sambava,-5.67,82.09,82.09,89.0,79.0,11.18
343,sulangan,35.73,37.76,39.2,75.0,69.0,1.12
344,padang,55.34,43.66,44.6,90.0,81.0,27.51
345,saryshagan,26.33,53.6,53.6,0.0,33.0,6.93
346,mount gambier,-16.48,82.53,82.53,100.0,77.0,14.34
347,bubaque,65.44,12.15,12.15,100.0,96.0,0.49
348,vardo,-8.47,67.05,67.05,100.0,96.0,4.36
349,sapa,38.42,50.5,53.6,90.0,100.0,4.7
350,santana do acarau,1.3,71.6,71.6,20.0,100.0,2.24
351,wajima,25.29,68.23,69.01,79.0,72.0,11.41
352,chumikan,68.38,28.53,30.99,75.0,92.0,18.34
353,north bend,68.56,33.39,35.01,75.0,70.0,8.05
354,sembe,34.88,45.64,48.99,1.0,52.0,14.99
355,todos santos,51.26,30.2,30.2,90.0,80.0,17.22
356,inhambane,30.33,58.91,58.91,32.0,33.0,15.52
357,nemuro,47.67,18.88,21.0,75.0,67.0,9.17
358,abbeville,50.1,22.24,23.0,90.0,85.0,6.93
359,nanortalik,49.03,-5.24,-5.24,0.0,73.0,2.44
360,bansang,-6.75,69.94,69.94,100.0,97.0,2.04
361,kazalinsk,59.06,4.03,4.03,92.0,94.0,10.67
362,sechura,3.79,70.32,70.32,11.0,96.0,0.98
363,tansen,27.04,58.17,58.17,0.0,29.0,10.04
364,burica,-15.64,52.5,52.5,100.0,53.0,4.56
365,valley city,-35.17,55.99,55.99,24.0,100.0,6.2
366,thinadhoo,-36.83,60.8,60.8,90.0,87.0,10.29
367,sao joao da barra,31.77,46.35,51.8,75.0,93.0,8.05
368,kirensk,-33.52,80.26,80.26,18.0,53.0,14.79
369,buchanan,23.17,69.01,69.01,19.0,86.0,1.54
370,sesheke,37.2,34.07,35.6,90.0,100.0,10.29
371,newberry,2.82,89.6,89.6,40.0,43.0,10.29
372,seoul,54.77,10.4,10.4,75.0,85.0,6.93
373,vostok,62.0,-30.05,-30.05,37.0,97.0,4.09
374,xiuyan,-0.72,87.8,87.8,40.0,79.0,9.17
375,snyatyn,45.75,51.98,55.0,92.0,58.0,9.17
376,mount isa,64.84,-7.85,-5.01,90.0,76.0,0.76
377,fare,24.8,71.04,71.04,100.0,76.0,17.45
378,smithers,36.21,42.49,48.99,1.0,80.0,4.7
379,saleaula,13.08,74.73,74.73,21.0,81.0,6.89
380,tual,5.33,80.37,80.6,40.0,88.0,8.05
381,hasaki,-8.14,79.23,79.23,88.0,84.0,6.24
382,ketchikan,37.81,57.83,60.01,20.0,87.0,8.05
383,buraydah,54.1,-12.78,-12.78,100.0,99.0,2.53
384,samalaeulu,65.97,-0.44,-0.44,100.0,94.0,16.4
385,faanui,27.67,65.1,65.1,90.0,34.0,12.8
386,ust-tsilma,29.96,51.06,51.06,100.0,93.0,14.83
387,kaputa,-7.3,92.62,92.62,82.0,48.0,3.27
388,laguna,36.53,32.49,32.49,49.0,75.0,3.85
389,tondano,37.02,24.08,24.08,56.0,67.0,0.72
390,doha,68.53,-33.09,-33.09,17.0,93.0,3.91
391,warqla,71.04,23.99,24.8,75.0,92.0,34.45
392,kamenskoye,63.92,-18.24,-18.24,100.0,83.0,10.38
393,beisfjord,-33.3,97.61,97.61,0.0,16.0,13.65
394,stokmarknes,1.1,70.03,70.03,99.0,51.0,9.44
395,havelock,58.74,29.1,29.1,95.0,66.0,14.74
396,kavant,11.03,85.24,85.24,100.0,43.0,8.79
397,moose factory,37.72,59.0,59.0,75.0,62.0,17.22
398,nalut,45.29,39.31,44.6,0.0,44.0,2.24
399,torbay,71.69,-26.16,-26.16,100.0,85.0,5.79
400,sioux lookout,19.91,64.22,64.4,32.0,88.0,2.24
401,erdenet,-17.71,79.48,79.48,100.0,80.0,23.49
402,gandajika,1.74,70.18,70.18,14.0,96.0,3.27
403,kargasok,42.06,35.6,35.6,0.0,64.0,13.87
404,raub,6.8,78.8,78.8,20.0,100.0,8.05
405,sabha,-38.95,87.8,87.8,0.0,43.0,6.93
406,chivay,-8.42,69.89,69.89,100.0,89.0,2.77
407,ahipara,70.86,22.95,24.8,90.0,92.0,39.15
408,concepcion,-12.04,78.8,78.8,98.0,69.0,6.93
409,jerusalem,36.53,39.2,39.2,0.0,48.0,4.7
410,santa vitoria do palmar,25.29,53.04,53.04,0.0,40.0,14.61
411,lubu,-20.33,81.19,82.4,75.0,69.0,13.87
412,jasper,54.46,38.62,38.62,2.0,72.0,8.48
413,boa vista,63.05,-12.46,-12.46,16.0,99.0,9.89
414,flin flon,33.16,51.78,55.99,40.0,87.0,1.66
415,churapcha,22.69,66.13,66.13,6.0,68.0,13.65
416,port-gentil,-30.4,66.79,66.79,44.0,50.0,10.22
417,limoges,-23.86,78.8,78.8,75.0,69.0,6.93
418,fairbanks,8.37,92.16,92.16,86.0,28.0,3.0
419,hirara,-15.77,80.6,80.6,90.0,88.0,9.17
420,yirol,3.1,77.0,77.0,40.0,100.0,2.53
421,pahrump,-7.74,86.0,86.0,75.0,70.0,3.36
422,tuy hoa,-33.75,97.27,97.27,1.0,25.0,9.13
423,kuala terengganu,22.24,72.82,72.82,28.0,54.0,19.28
424,buala,29.58,51.03,51.03,82.0,72.0,5.57
425,san javier,55.68,15.01,15.01,99.0,92.0,13.44
426,takhtamygda,39.6,30.61,34.0,90.0,92.0,1.77
427,urengoy,-21.53,82.13,82.13,41.0,42.0,4.38
428,camargo,-9.44,82.4,82.4,42.0,77.0,14.56
429,shenjiamen,-0.22,80.06,80.06,73.0,32.0,2.24
430,envira,38.2,50.92,53.6,20.0,76.0,2.24
431,hecun,51.12,-13.99,-13.99,100.0,100.0,0.45
432,jiexiu,18.74,77.16,77.16,21.0,11.0,6.38
433,belaya gora,-34.68,70.9,78.01,0.0,82.0,9.06
434,mehamn,49.52,33.57,34.0,100.0,78.0,10.0
435,taburi,61.09,22.84,22.84,100.0,83.0,11.43
436,sangar,78.22,-0.4,-0.4,0.0,77.0,6.93
437,tabulbah,-7.33,99.52,99.52,34.0,33.0,7.09
438,san luis,46.62,36.28,41.0,5.0,51.0,5.82
439,samusu,34.67,50.27,55.0,92.0,69.0,19.75
440,maralal,39.82,13.66,13.66,0.0,72.0,3.69
441,louga,-9.02,76.95,76.95,62.0,90.0,2.64
442,la asuncion,44.39,28.33,30.99,75.0,58.0,5.59
443,vila franca do campo,58.52,12.2,12.2,90.0,92.0,5.82
444,zlobin,46.84,18.12,18.12,100.0,96.0,7.4
445,tiksi,51.73,32.0,32.0,90.0,92.0,6.71
446,chiang rai,42.44,53.83,59.0,0.0,82.0,5.82
447,caravelas,14.4,59.61,59.61,7.0,83.0,6.93
448,sibolga,-28.45,93.2,93.2,20.0,15.0,13.87
449,akdepe,68.05,22.95,22.95,100.0,92.0,29.64
450,wattegama,11.0,70.11,70.11,53.0,84.0,11.03
451,neuquen,21.46,84.2,84.2,40.0,70.0,14.99
452,lucapa,40.43,33.8,33.8,75.0,86.0,2.24
453,berlevag,26.54,67.03,67.03,38.0,69.0,20.69
454,lima,41.14,32.59,36.0,1.0,47.0,5.82
455,manbij,3.87,96.75,96.75,22.0,45.0,1.05
456,esna,34.67,38.53,42.01,1.0,37.0,5.82
457,vila velha,48.85,14.0,14.0,20.0,66.0,11.41
458,slupsk,44.05,38.61,39.2,27.0,60.0,6.71
459,beringovskiy,6.4,86.0,86.0,75.0,62.0,11.41
460,carlsbad,21.35,64.89,66.99,1.0,100.0,2.39
461,ibra,7.62,92.7,92.7,59.0,47.0,2.42
462,quthing,-14.8,90.14,90.14,100.0,55.0,8.28
463,keshan,-20.28,75.58,75.58,100.0,87.0,4.07
464,ksenyevka,69.31,32.41,33.8,75.0,86.0,23.04
465,maxixe,40.42,38.73,41.0,20.0,99.0,9.17
466,dabakala,-22.04,89.6,89.6,75.0,59.0,11.41
467,kununurra,18.69,67.26,67.26,0.0,13.0,7.52
468,kabanjahe,-19.84,80.83,80.83,61.0,73.0,14.88
469,rodrigues alves,27.37,60.8,60.8,75.0,87.0,8.05
470,venado tuerto,68.71,7.21,7.21,100.0,91.0,8.79
471,dwarka,-16.03,63.07,63.07,100.0,96.0,4.94
472,tiznit,24.47,68.0,68.0,9.0,68.0,8.05
473,vengerovo,-2.48,59.68,59.68,100.0,85.0,7.76
474,price,59.78,31.66,32.0,75.0,61.0,15.66
475,dekar,-2.67,81.73,81.73,40.0,81.0,13.85
476,port moresby,18.9,77.02,77.02,82.0,16.0,2.33
477,boende,56.66,38.19,39.99,0.0,55.0,8.05
478,lixourion,11.93,94.64,94.64,69.0,17.0,4.56
479,chegdomyn,42.9,20.01,20.01,0.0,75.0,5.12
480,arlit,35.3,43.95,43.95,0.0,67.0,7.99
481,kiama,19.93,87.96,87.96,0.0,35.0,2.8
482,mrirt,9.53,75.02,75.02,62.0,13.0,7.36
483,murovane,-15.75,69.1,69.1,19.0,96.0,5.44
484,podyuga,42.02,15.58,15.58,0.0,83.0,2.04
485,longyearbyen,13.22,90.21,90.21,82.0,17.0,8.88
486,contamana,29.85,35.92,35.92,49.0,46.0,8.37
487,lasa,55.8,49.98,51.01,90.0,93.0,8.05
488,shimoda,69.19,21.2,21.2,90.0,92.0,11.18
489,tsihombe,64.18,17.31,17.6,90.0,72.0,8.05
490,dongsheng,48.05,37.4,37.4,90.0,64.0,26.84
491,bur gabo,25.05,71.35,71.35,17.0,70.0,14.92
492,sao raimundo nonato,-8.35,81.93,81.93,35.0,78.0,5.44
493,bar harbor,47.35,26.82,30.99,75.0,92.0,3.36
494,high level,12.28,97.02,97.02,100.0,8.0,5.06
495,balkhash,60.92,24.8,24.8,75.0,68.0,13.87
496,podgornoye,61.01,25.59,25.59,100.0,77.0,18.68
497,orbetello,8.0,77.0,77.0,39.0,87.0,5.99
498,marzuq,-45.58,71.6,71.6,40.0,49.0,6.93
499,upington,-24.71,71.51,71.51,30.0,81.0,5.84
500,ostrovnoy,5.56,72.3,72.3,2.0,91.0,6.02
501,dingle,-7.44,75.33,75.33,100.0,93.0,1.57
502,mendahara,0.68,86.0,86.0,40.0,70.0,3.36
503,cockburn town,41.76,28.99,28.99,84.0,72.0,3.0
504,komsomolskiy,16.71,77.0,77.0,0.0,73.0,4.7
505,marsh harbour,38.7,49.64,52.0,75.0,76.0,9.17
506,westport,37.31,30.07,32.0,1.0,68.0,8.05
507,chagda,-20.32,84.2,84.2,7.0,79.0,13.87
508,inirida,32.5,47.52,47.52,93.0,61.0,2.77
509,scottsboro,-13.85,84.2,84.2,40.0,74.0,10.29
510,hare bay,17.02,77.0,77.0,20.0,57.0,9.17
511,konstantinovskaya,23.41,62.53,62.53,0.0,46.0,3.4
512,bartica,10.28,67.59,67.59,0.0,20.0,8.32
513,makakilo city,-8.84,82.8,82.8,100.0,77.0,11.07
514,punta de piedra,29.38,53.24,53.24,99.0,60.0,3.96
515,nova olimpia,-34.65,84.76,86.0,12.0,62.0,1.99
516,morondava,42.8,8.06,8.06,51.0,81.0,3.11
517,sofiysk,41.0,37.15,39.0,90.0,80.0,3.36
518,andenes,65.98,12.29,12.29,100.0,79.0,11.83
519,susanville,51.38,43.88,46.4,75.0,100.0,2.24
520,sorvag,-1.83,87.44,87.44,61.0,62.0,7.49
521,yacuiba,46.19,44.55,48.0,90.0,93.0,8.05
522,bilma,-9.54,66.4,66.4,100.0,96.0,5.06
523,beira,42.04,44.69,46.4,90.0,100.0,5.82
524,yaqui,-3.4,76.5,76.5,100.0,65.0,12.66
525,aasiaat,41.34,43.21,43.21,69.0,73.0,13.11
526,mulanje,31.61,46.76,51.8,75.0,93.0,8.05
527,abu dhabi,-8.77,83.7,83.7,91.0,71.0,9.8
528,nzega,52.47,-5.37,-5.37,74.0,96.0,2.15
529,otradnoye,-2.6,81.63,81.63,92.0,85.0,9.46
530,vanimo,-22.47,71.6,71.6,40.0,49.0,8.05
531,araouane,50.23,12.2,12.2,75.0,85.0,3.36
532,kalmar,20.05,68.0,68.0,75.0,100.0,4.47
533,kangaba,-20.67,81.21,82.4,75.0,69.0,13.87
534,preobrazheniye,46.42,38.37,39.2,12.0,69.0,2.24
535,abu samrah,-0.91,80.91,80.91,43.0,72.0,6.67
536,tomatlan,50.37,35.67,37.99,64.0,93.0,5.82
537,malakal,8.41,77.83,77.83,68.0,60.0,20.54
538,namwala,-15.43,74.26,74.26,95.0,70.0,11.23
539,fuxin,66.77,-22.47,-22.47,98.0,97.0,5.06
540,gourcy,69.38,-14.58,-14.58,99.0,98.0,3.22
541,bageshwar,21.23,71.29,71.6,5.0,53.0,8.05
542,barrhead,57.31,6.06,6.06,61.0,95.0,6.35
543,snezhnogorsk,40.42,48.38,51.8,75.0,66.0,3.36
544,nuuk,14.7,71.83,71.83,0.0,72.0,14.99
545,sofiyivka,62.88,-27.08,-27.08,97.0,98.0,1.63
546,jiwani,60.05,15.44,15.44,100.0,91.0,12.91
547,ambulu,53.05,-0.4,-0.4,0.0,59.0,13.42
548,sankt johann im pongau,8.85,86.38,86.38,46.0,11.0,5.46
549,gabu,28.37,66.2,66.2,75.0,82.0,6.93
550,narsaq,47.2,43.0,46.0,75.0,100.0,4.7
551,voznesenye,52.33,-2.43,-2.43,100.0,98.0,2.13
552,marawi,32.78,44.78,48.0,1.0,52.0,6.93
553,coihaique,18.22,80.38,82.4,40.0,69.0,14.99
554,manjacaze,60.88,26.67,28.99,22.0,75.0,5.01
555,banda aceh,-25.3,81.27,82.0,85.0,83.0,9.17
556,kisanga,56.3,31.6,31.6,95.0,73.0,12.1
557,orito,60.34,-19.39,-19.39,47.0,97.0,5.75
558,korla,-6.66,93.54,93.54,35.0,45.0,4.76
559,kanbe,16.86,82.4,82.4,5.0,69.0,6.93
560,tubruq,12.35,92.41,92.41,78.0,17.0,6.49
561,caxias,67.63,-24.95,-24.95,100.0,96.0,2.17
